111111111111111111111111111111111
111111111111111111111111111111111
112111111111111111111111111111111
111111111111111111111111131111111
111111111111111111111111111111111
111111111111111111111111111111111
111111111111111111111111111111111
111111111111111111111111111111111
111111111111111111111111111111111
111111111111111311111111111111111
111111111111111111111111111111111
111111111111111111111111111111111
111111111111111111111111111111111
111111111111111111111111111111111
111111111111131111111111111111121
111111111111111111111111111111111
111111111111111111111111111111111
111111111111111111111111111111111
111111111111111111111311111111111
111111111111111111111111111111111
114111111111111111111111111111111
111111111111114111111111111111111
111111111111111111111111111111111
111111111111111111111111111111111
111111111111111111111111111111111
111111111111111111111111111111111
111111111111111111111111111111111
111111111111111111111111111111111


111111111111111111111111111111111
111111111111111111111111111111111
112211111111111111111111111111111
111111111111111111111111133111111
111111111111111111111111111111111
111111111111111111111111111111111
111111111111111111111111111111111
111111111111111111111111111111111
111111111111111311111111111111111
111111111111111311111111111111111
111111111111111111111111111111111
111111111111111111111111111111111
111111111111111111111111111111111
111111111111111111111111111111111
111111111111133111111111111111121
111111111111111111111111111111121
111111111111111111111111111111111
111111111111111111111111111111111
111111111111111111111311111111111
111111111111111111111311111111111
114411111111114111111111111111111
111111111111114111111111111111111
111111111111111111111111111111111
111111111111111111111111111111111
111111111111111111111111111111111
111111111111111111111111111111111
111111111111111111111111111111111
111111111111111111111111111111111


111111111111111111111111111111111
111111111111111111111111111111111
112211111111111111111111111111111
111211111111111111111111133111111
111111111111111111111111113111111
111111111111111111111111111111111
111111111111111111111111111111111
111111111111111111111111111111111
111111111111111331111111111111111
111111111111111311111111111111111
111111111111111111111111111111111
111111111111111111111111111111111
111111111111111111111111111111111
111111111111111111111111111111111
111111111111133111111111111111121
111111111111113111111111111111221
111111111111111111111111111111111
111111111111111111111111111111111
111111111111111111111311111111111
111111111111111111113311111111111
114411111111114411111111111111111
111411111111114111111111111111111
111111111111111111111111111111111
111111111111111111111111111111111
111111111111111111111111111111111
111111111111111111111111111111111
111111111111111111111111111111111
111111111111111111111111111111111


111111111111111111111111111111111
111111111111111111111111111111111
112211111111111111111111111111111
112211111111111111111111133111111
111111111111111111111111133111111
111111111111111111111111111111111
111111111111111111111111111111111
111111111111111111111111111111111
111111111111111331111111111111111
111111111111111331111111111111111
111111111111111111111111111111111
111111111111111111111111111111111
111111111111111111111111111111111
111111111111111111111111111111111
111111111111133111111111111111221
111111111111133111111111111111221
111111111111111111111111111111111
111111111111111111111111111111111
111111111111111111113311111111111
111111111111111111113311111111111
114411111111114411111111111111111
114411111111114411111111111111111
111111111111111111111111111111111
111111111111111111111111111111111
111111111111111111111111111111111
111111111111111111111111111111111
111111111111111111111111111111111
111111111111111111111111111111111


111111111111111111111111111111111
111111111111111111111111111111111
112211111111111111111111111111111
112211111111111111111111133111111
111111111111111111111111133111111
111111111111111111111111111111111
111111111111111111111111111111111
111111111111111111111111111111111
111111111111111331111111111111111
111111111111111331111111111111111
111111111111111111111111111111111
111111111111111111111111111111111
111111111111111111111111111111111
111111111111111111111111111111111
111111111111133111111111111111221
111111111111133111111111111111221
111111111111111111111111111111111
111111111111111111111111111111111
111111111111111111113311111111111
111111111111111111113311111111111
114411111111114411111111111111111
114411111111114411111111111111111
111111111111111111111111111111111
111111111111111111111111111111111
111111111111111111111111111111111
111111111111111111111111111111111
111111111111111111111111111111111
111111111111111111111111111111111


111111111111111111111111111111111
111111111111111111111111111111111
112211111111111111111111111111111
112211111111111111111111333111111
111111111111111111111111133111111
111111111111111111111111111111111
111111111111111111111111111111111
111111111111111111111111111111111
111111111111111331111111111111111
111111111111111331111111111111111
111111111111111311111111111111111
111111111111111111111111111111111
111111111111111111111111111111111
111111111111111111111111111111111
111111111111333111111111111111221
111111111111133111111111111111221
111111111111111111111111111111111
111111111111111111111311111111111
111111111111111111113311111111111
114111111111111111113311111111111
114411111111114411111111111111111
114411111111144411111111111111111
111111111111111111111111111111111
111111111111111111111111111111111
111111111111111111111111111111111
111111111111111111111111111111111
111111111111111111111111111111111
111111111111111111111111111111111


111111111111111111111111111111111
111111111111111111111111111111111
112211111111111111111111311111111
112211111111111111111111333111111
111111111111111111111111133111111
111111111111111111111111111111111
111111111111111111111111111111111
111111111111111111111111111111111
111111111111111331111111111111111
111111111111111331111111111111111
111111111111113311111111111111111
111111111111111111111111111111111
111111111111111111111111111111111
111111111111311111111111111111111
111111111111333111111111111111221
111111111111133111111111111111221
111111111111111111111111111111111
111111111111111111111331111111111
111111111111111111113311111111111
114411111111111111113311111111111
114411111111144411111111111111111
114411111111144411111111111111111
111111111111111111111111111111111
111111111111111111111111111111111
111111111111111111111111111111111
111111111111111111111111111111111
111111111111111111111111111111111
111111111111111111111111111111111


111111111111111111111111111111111
111111111111111111111111111111111
112211111111111111111111331111111
112211111111111111111111333111111
111111111111111111111111133111111
111111111111111111111111111111111
111111111111111111111111111111111
111111111111111111111111111111111
111111111111111331111111111111111
111111111111113331111111111111111
111111111111113311111111111111111
111111111111111111111111111111111
111111111111111111111111111111111
111111111111331111111111111111111
111111111111333111111111111111221
111111111111133111111111111111221
111111111111111111111111111111111
111111111111111111111331111111111
111111111111111111113331111111111
114411111111111111113311111111111
114411111111144411111111111111111
114411111111144411111111111111111
111111111111111111111111111111111
111111111111111111111111111111111
111111111111111111111111111111111
111111111111111111111111111111111
111111111111111111111111111111111
111111111111111111111111111111111


111111111111111111111111111111111
111111111111111111111111111111111
112211111111111111111111331111111
112211111111111111111111333111111
111111111111111111111111133111111
111111111111111111111111111111111
111111111111111111111111111111111
111111111111111111111111111111111
111111111111111331111111111111111
111111111111113331111111111111111
111111111111113311111111111111111
111111111111111111111111111111111
111111111111111111111111111111111
111111111111331111111111111111111
111111111111333111111111111111221
111111111111133111111111111111221
111111111111111111111111111111111
111111111111111111111331111111111
111111111111111111113331111111111
114411111111111111113311111111111
114411111111144411111111111111111
114411111111144411111111111111111
111111111111111111111111111111111
111111111111111111111111111111111
111111111111111111111111111111111
111111111111111111111111111111111
111111111111111111111111111111111
111111111111111111111111111111111


111111111111111111111111111111111
111111111111111111111111111111111
112211111111111111111111331111111
112211111111111111111111333111111
111111111111111111111111133111111
111111111111111111111111111111111
111111111111111111111111111111111
111111111111111111111111111111111
111111111111111331111111111111111
111111111111113331111111111111111
111111111111113311111111111111111
111111111111111111111111111111111
111111111111111111111111111111111
111111111111331111111111111111111
111111111111333111111111111111221
111111111111133111111111111111221
111111111111111111111111111111111
111111111111111111111331111111111
111111111111111111113331111111111
114411111111111111113311111111111
114411111111144441111111111111111
114411111111144411111111111111111
111411111111111111111111111111111
111111111111111111111111111111111
111111111111111111111111111111111
111111111111111111111111111111111
111111111111111111111111111111111
111111111111111111111111111111111


111111111111111111111111111111111
111111111111111111111111111111111
112211111111111111111111333111111
112211111111111111111111333111111
111111111111111111111111133111111
111111111111111111111111111111111
111111111111111111111111111111111
111111111111111111111111111111111
111111111111113331111111111111111
111111111111113331111111111111111
111111111111113311111111111111111
111111111111111111111111111111111
111111111111111111111111111111111
111111111111333111111111111111111
111111111111333111111111111111221
111111111111133111111111111111221
111111111111111111111111111111111
111111111111111111111331111111111
111111111111111111113331111111111
114411111111111111113331111111111
114411111111144441111111111111111
114411111111144441111111111111111
114411111111111111111111111111111
111111111111111111111111111111111
111111111111111111111111111111111
111111111111111111111111111111111
111111111111111111111111111111111
111111111111111111111111111111111


111111111111111111111111111111111
111111111111111111111111111111111
112211111111111111111111333311111
112211111111111111111111333111111
111111111111111111111111133111111
111111111111111111111111111111111
111111111111111111111111111111111
111111111111113111111111111111111
111111111111113331111111111111111
111111111111113331111111111111111
111111111111113311111111111111111
111111111111111111111111111111111
111111111111111111111111111111111
111111111111333311111111111111111
111111111111333111111111111111221
111111111111133111111111111111221
111111111111111111111111111111111
111111111111111111111331111111111
111111111111111111113331111111111
114411111111111111113331111111111
114411111111144441111131111111111
114411111111144441111111111111111
114411111111111111111111111111111
111111111111111111111111111111111
111111111111111111111111111111111
111111111111111111111111111111111
111111111111111111111111111111111
111111111111111111111111111111111


111111111111111111111111111111111
111111111111111111111111111111111
112211111111111111111111333311111
112211111111111111111111333311111
111111111111111111111111133111111
111111111111111111111111111111111
111111111111111111111111111111111
111111111111113311111111111111111
111111111111113331111111111111111
111111111111113331111111111111111
111111111111113311111111111111111
111111111111111111111111111111111
111111111111111111111111111111111
111111111111333311111111111111111
111111111111333311111111111111221
111111111111133111111111111111221
111111111111111111111111111111111
111111111111111111111331111111111
111111111111111111113331111111111
114411111111111111113331111111111
114411111111144441111331111111111
114411111111144441111111111111111
114411111111111111111111111111111
111111111111111111111111111111111
111111111111111111111111111111111
111111111111111111111111111111111
111111111111111111111111111111111
111111111111111111111111111111111


111111111111111111111111111111111
111111111111111111111111111111111
112211111111111111111111333311111
112211111111111111111111333311111
111111111111111111111111133111111
111111111111111111111111111111111
111111111111111111111111111111111
111111111111113311111111111111111
111111111111113331111111111111111
111111111111113331111111111111111
111111111111113311111111111111111
111111111111111111111111111111111
111111111111111111111111111111111
111111111111333311111111111111111
111111111111333311111111111111221
111111111111133111111111111111221
111111111111111111111111111111111
111111111111111111111331111111111
111111111111111111113331111111111
114411111111111111113331111111111
114411111111144441111331111111111
114411111111144441111111111111111
114411111111111111111111111111111
111111111111111111111111111111111
111111111111111111111111111111111
111111111111111111111111111111111
111111111111111111111111111111111
111111111111111111111111111111111


111111111111111111111111111111111
111111111111111111111111111111111
112211111111111111111111333311111
112211111111111111111111333311111
111111111111111111111111133111111
111111111111111111111111111111111
111111111111111111111111111111111
111111111111113311111111111111111
111111111111113331111111111111111
111111111111113331111111111111111
111111111111113311111111111111111
111111111111111111111111111111111
111111111111111111111111111111111
111111111111333311111111111111111
111111111111333311111111111111221
111111111111133111111111111111221
111111111111111111111111111111111
111111111111111111111331111111111
114111111111111111113331111111111
114411111111111111113331111111111
114411111111144441111331111111111
114411111111444441111111111111111
114411111111111111111111111111111
111111111111111111111111111111111
111111111111111111111111111111111
111111111111111111111111111111111
111111111111111111111111111111111
111111111111111111111111111111111


111111111111111111111111111111111
111111111111111111111111111111111
112211111111111111111111333311111
112211111111111111111111333311111
111111111111111111111111133311111
111111111111111111111111111111111
111111111111111111111111111111111
111111111111113331111111111111111
111111111111113331111111111111111
111111111111113331111111111111111
111111111111113311111111111111111
111111111111111111111111111111111
111111111111111111111111111111111
111111111111333311111111111111111
111111111111333311111111111111221
111111111111133311111111111111221
111111111111111111111111111111111
111111111111111111111331111111111
114411111111111111113331111111111
114411111111111111113331111111111
114411111111444441113331111111111
114411111111444441111111111111111
114411111111111111111111111111111
111111111111111111111111111111111
111111111111111111111111111111111
111111111111111111111111111111111
111111111111111111111111111111111
111111111111111111111111111111111


