111111111111111111111111
111111111111111111111111
111111111111111111111111
111111111111111111111111
111111111111111111111111
111111111111111131111111
111111111111111111111111
111111111111111111111111
111111111111111111111111
111111111211111111111111
111111111111111111111111
111111111111111111111111
111111111111111111111111
111111111111111111111111
111121111111111111111111
111111111111111111111411
111111111111111111111111
111111111111111111111111
111111111111111111111111
141111111111111111111111
111111111111111111111111
111111111111111111111111
211111111111111111111111
111111111111111111111111
111111111111111111111111
111111111111111111111111
111111111111111111111111
111111111111111111111111


111111111111111111111111
111111111111111111111111
111111111111111111111111
111111111111111111111111
111111111111111333311111
111111111111111333111111
111111111111111133111111
111111111111111111111111
111111112211111111111111
111111112211111111111111
111111111111111111111111
111111111111111111111111
111111111111111111111111
111122111111111111111111
111122111111111111111441
111111111111111111111441
111111111111111111111441
111111111111111111111441
111111111111111111111111
444111111111111111111114
444111111111111111111114
111111111111111111111111
221111111111111111111111
221111111111111111111111
111111111111111111111111
111111111111111111111111
111111111111111111111111
111111111111111111111111


111111111111111111111111
111111111111111111111111
111111111111111111111111
111111111111111111111111
111111111111111333311111
111111111111111333311111
111111111111111333311111
111111111111111333311111
111111112211111111111111
111111112211111111111111
111111111111111111111111
111111111111111111111111
111111111111111111111111
111122111111111111111441
111122111111111111111441
111111111111111111111441
111111111111111111111441
111111111111111111111441
111111111111111111111441
444411111111111111111144
444411111111111111111144
111111111111111111111111
221111111111111111111111
221111111111111111111111
111111111111111111111111
111111111111111111111111
111111111111111111111111
111111111111111111111111


111111111111111111111111
111111111111111111111111
111111111111111111111111
111111111111111111111111
111111111111111333311111
111111111111111333311111
111111111111111333311111
111111111111111333311111
111111112211111111111111
111111112211111111111111
111111111111111111111111
111111111111111111111111
111111111111111111111441
111122111111111111111441
111122111111111111111441
111111111111111111111441
111111111111111111111441
111111111111111111111441
111111111111111111111441
444441111111111111111144
444441111111111111111444
111111111111111111111111
221111111111111111111111
221111111111111111111111
111111111111111111111111
111111111111111111111111
111111111111111111111111
111111111111111111111111


111111111111111111111111
111111111111111111111111
111111111111111111111111
111111111111111111111111
111111111111111333311111
111111111111111333311111
111111111111111333311111
111111111111111333311111
111111112211111111111111
111111112211111111111111
111111111111111111111111
111111111111111111111111
111111111111111111111441
111122111111111111111441
111122111111111111111441
111111111111111111111441
111111111111111111111441
111111111111111111111441
111111111111111111111441
444444111111111111111444
444444111111111111111444
111111111111111111111441
221111111111111111111111
221111111111111111111111
111111111111111111111111
111111111111111111111111
111111111111111111111111
111111111111111111111111


111111111111111111111111
111111111111111111111111
111111111111111111111111
111111111111111111111111
111111111111111333311111
111111111111111333311111
111111111111111333311111
111111111111111333311111
111111112211111111111111
111111112211111111111111
111111111111111111111111
111111111111111111111441
111111111111111111111441
111122111111111111111441
111122111111111111111441
111111111111111111111441
111111111111111111111441
111111111111111111111441
111111111111111111111441
444444111111111111114444
444444111111111111114444
111111111111111111111441
221111111111111111111111
221111111111111111111111
111111111111111111111111
111111111111111111111111
111111111111111111111111
111111111111111111111111


111111111111111111111111
111111111111111111111111
111111111111111111111111
111111111111111111111111
111111111111111333311111
111111111111111333311111
111111111111111333311111
111111111111111333311111
111111112211111111111111
111111112211111111111111
111111111111111111111111
111111111111111111111441
111111111111111111111441
111122111111111111111441
111122111111111111111441
111111111111111111111441
111111111111111111111441
111111111111111111111441
111111111111111111111441
444444411111111111114444
444444411111111111114444
111111111111111111111441
221111111111111111111441
221111111111111111111111
111111111111111111111111
111111111111111111111111
111111111111111111111111
111111111111111111111111


111111111111111111111111
111111111111111111111111
111111111111111111111111
111111111111111111111111
111111111111111333311111
111111111111111333311111
111111111111111333311111
111111111111111333311111
111111112211111111111111
111111112211111111111111
111111111111111111111441
111111111111111111111441
111111111111111111111441
111122111111111111111441
111122111111111111111441
111111111111111111111441
111111111111111111111441
111111111111111111111441
111111111111111111111441
444444411111111111144444
444444411111111111144444
111111111111111111111441
221111111111111111111441
221111111111111111111111
111111111111111111111111
111111111111111111111111
111111111111111111111111
111111111111111111111111


111111111111111111111111
111111111111111111111111
111111111111111111111111
111111111111111111111111
111111111111111333311111
111111111111111333311111
111111111111111333311111
111111111111111333311111
111111112211111111111111
111111112211111111111111
111111111111111111111441
111111111111111111111441
111111111111111111111441
111122111111111111111441
111122111111111111111441
111111111111111111111441
111111111111111111111441
111111111111111111111441
111111111111111111111441
444444441111111111144444
444444441111111111144444
111111111111111111111441
221111111111111111111441
221111111111111111111441
111111111111111111111111
111111111111111111111111
111111111111111111111111
111111111111111111111111


111111111111111111111111
111111111111111111111111
111111111111111111111111
111111111111111111111111
111111111111111333311111
111111111111111333311111
111111111111111333311111
111111111111111333311111
111111112211111111111111
111111112211111111111111
111111111111111111111441
111111111111111111111441
111111111111111111111441
111122111111111111111441
111122111111111111111441
111111111111111111111441
111111111111111111111441
111111111111111111111441
111111111111111111111441
444444441111111111144444
444444441111111111144444
111111111111111111111441
221111111111111111111441
221111111111111111111441
111111111111111111111111
111111111111111111111111
111111111111111111111111
111111111111111111111111


