121212121212121212121212121212121
212121212121212121212121212121212
122212121212121212121212121212121
212121212121212121212121232121212
121212121212121212121212121212121
212121212121212121212121212121212
121212121212121212121212121212121
212121212121212121212121212121212
121212121212121212121212121212121
212121212121212321212121212121212
121212121212121212121212121212121
212121212121212121212121212121212
121212121212121212121212121212121
212121212121212121212121212121212
121212121212131212121212121212121
212121212121212121212121212121212
121212121212121212121212121212121
212121212121212121212121212121212
121212121212121212121312121212121
212121212121212121212121212121212
124212121212121212121212121212121
212121212121214121212121212121212
121212121212121212121212121212121
212121212121212121212121212121212
121212121212121212121212121212121
212121212121212121212121212121212
121212121212121212121212121212121
212121212121212121212121212121212


121212121212121212121212121212121
212121212121212121212121212121212
122212121212121212121212121212121
212121212121212121212121233121212
121212121212121211121212121212121
212121212121212121212121212121212
121212121212121212121212121212121
212121212121212121212121212121212
121212121212121312121212121212121
212121212121212321212121212121212
121212121212121212121212121212121
212121212121212121212121212121212
121212121212121212121212121212121
212121212121212121212121212121212
121212121212133212121212121212121
212121212121212121212121212121222
121212121212121212121212121212121
212121212121212121212121212121212
121212121212121212121312121212121
212121212121212121212321212121212
124412121212124212121212121212121
212121212121214121212121212121212
121212121212121212121212121212121
212121212121212121212121212121212
121212121212121212121212121212121
212121212121212121212121212121212
121212121212121212121212121212121
212121212121212121212121212121212


121212121212121212121212121212121
212121212121212121212121212121212
122212121212121212121212121212121
212121212121212121212121233121212
121212121212121211121212121212121
212121212121212121212121212121212
121212121212121212121212121212121
212121212121212121212121212121212
121212121212121312121212121212121
212121212121212321212121212121212
121212121212121212121212121212121
212121212121212121212121212121212
121212121212121212121212121212121
212121212121212121212121212121212
121212121212133212121212121212121
212121212121213121212121212121222
121212121212121212121212121212121
212121212121212121212121212121212
121212121212121212121312121212121
212121212121212121213321212121212
124412121212124412121212121212121
212121212121214121212121212121212
121212121212121212121212121212121
212121212121212121212121212121212
121212121212121212121212121212121
212121212121212121212121212121212
121212121212121212121212121212121
212121212121212121212121212121212


121212121212121212121212121212121
212121212121212121212121212121212
122212121212121212121212121212121
212121212121212121112121233121212
121212121212121211121212131212121
212121212121212121212121212121212
121212121212121212121212121212121
212121212121212121212121212121212
121212121212121312121212121212121
212121212121212331212121212121212
121212121212121212121212121212121
212121212121212121212121212121212
121212121212121212121212121212121
212121212121212121212121212121212
121212121212133212121212121212121
212121212121213121212121212121222
121212121212121212121212121212121
212121212121212121212121212121212
121212121212121212121312121212121
212121212121212121213321212121212
144412121212124412121212121212121
212121212121214121212121212121212
121212121212121212121212121212121
212121212121212121212121212121212
121212121212121212121212121212121
212121212121212121212121212121212
121212121212121212121212121212121
212121212121212121212121212121212


121212121212121212121212121212121
212121212121212121212121212121212
122212121212121212121212121212121
212121212121212121112121233121212
121212121212121211121212131212121
212121212121212121212121212121212
121212121212121212121212121212121
212121212121212121212121212121212
121212121212121312121212121212121
212121212121212331212121212121212
121212121212121212121212121212121
212121212121212121212121212121212
121212121212121212121212121212121
212121212121212121212121212121212
121212121212133212121212121212121
212121212121213121212121212121222
121212121212121212121212121212121
212121212121212121212121212121212
121212121212121212121312121212121
212121212121212121213321212121212
144412121212144412121212121212121
212121212121214121212121212121212
121212121212121212121212121212121
212121212121212121212121212121212
121212121212121212121212121212121
212121212121212121212121212121212
121212121212121212121212121212121
212121212121212121212121212121212


121212121212121212121212121212121
212121212121212121212121212121212
122212121212121211121212121212121
212121212121212121112121333121212
121212121212121211121212131212121
212121212121212121212121212121212
121212121212121212121212121212121
212121212121212121212121212121212
121212121212121312121212121212121
212121212121212331212121212121212
121212121212121312121212121212121
212121212121212121212121212121212
121212121212121212121212121212121
212121212121212121212121212121212
121212121212133212121212121212121
212121212121233121212121212121222
121212121212121212121212121212121
212121212121212121212121212121212
121212121212121212123312121212121
212121212121212121213321212121212
144412121212144412121212121212121
212121212121214121212121212121212
121212121212121212121212121212121
212121212121212121212121212121212
121212121212121212121212121212121
212121212121212121212121212121212
121212121212121212121212121212121
212121212121212121212121212121212


121212121212121212121212121212121
212121212121212121212121212121212
122212121212121211121212121212121
212121212121212121112121333121212
121212121212121211121212131212121
212121212121212121212121212121212
121212121212121212121212121212121
212121212121212121212121212121212
121212121212121312121212121212121
212121212121212331212121212121212
121212121212121312121212121212121
212121212121212121212121212121212
121212121212121212121212121212121
212121212121212121212121212121212
121212121212133212121212121212121
212121212121333121212121212121222
121212121212121212121212121212121
212121212121212121213121212121212
121212121212121212123312121212121
212121212121212121213321212121212
144442121212144412121212121212121
212121212121214121212121212121212
121212121212121212121212121212121
212121212121212121212121212121212
121212121212121212121212121212121
212121212121212121212121212121212
121212121212121212121212121212121
212121212121212121212121212121212


121212121212121212121212121212121
212121212121212121212121212121212
122212121212121211121212131212121
212121212121212111112121333121212
121212121212121211121212131212121
212121212121212121212121212121212
121212121212121212121212121212121
212121212121212121212121212121212
121212121212121312121212121212121
212121212121213331212121212121212
121212121212121312121212121212121
212121212121212121212121212121212
121212121212121212121212121212121
212121212121212121212121212121212
121212121212133212121212121212121
212121212121333121212121212121222
121212121212121212121212121212121
212121212121212121213121212121212
121212121212121212123312121212121
212121212121212121213321212121212
144442121212144442121212121212121
212141212121214121212121212121212
121212121212121212121212121212121
212121212121212121212121212121212
121212121212121212121212121212121
212121212121212121212121212121212
121212121212121212121212121212121
212121212121212121212121212121212


121212121212121212121212121212121
212121212121212121212121212121212
122212121212121211121212131212121
212121212121212111112121333121212
121212121212121211121212131212121
212121212121212121212121212121212
121212121212121212121212121212121
212121212121212121212121212121212
121212121212121312121212121212121
212121212121213331212121212121212
121212121212121312121212121212121
212121212121212121212121212121212
121212121212121212121212121212121
212121212121212121212121212121212
121212121212133212121212121212121
212121212121333121212121212121222
121212121212121212121212121212121
212121212121212121213121212121212
121212121212121212123312121212121
212121212121212121213321212121212
144442121212144442121212121212121
212141212121214141212121212121212
121212121212121212121212121212121
212121212121212121212121212121212
121212121212121212121212121212121
212121212121212121212121212121212
121212121212121212121212121212121
212121212121212121212121212121212


121212121212121212121212121212121
212121212121212121212121212121212
122212121212121211121212131212121
212121212121212111112121333121212
121212121212121211121212131212121
212121212121212121212121212121212
121212121212121212121212121212121
212121212121212121212121212121212
121212121212121312121212121212121
212121212121213331212121212121212
121212121212121312121212121212121
212121212121212121212121212121212
121212121212121212121212121212121
212121212121212121212121212121212
121212121212333212121212121212121
212121212121333121212121212121222
121212121212121212121212121212121
212121212121212121213321212121212
121212121212121212123312121212121
212141212121212121213321212121212
144442121212144442121212121212121
212141212121214141212121212121212
121212121212121212121212121212121
212121212121212121212121212121212
121212121212121212121212121212121
212121212121212121212121212121212
121212121212121212121212121212121
212121212121212121212121212121212


121212121212121212121212121212121
212121212121212121212121212121212
122212121212121211121212133212121
212121212121212111112121333121212
121212121212121211121212131212121
212121212121212121212121212121212
121212121212121212121212121212121
212121212121212121212121212121212
121212121212123312121212121212121
212121212121213331212121212121212
121212121212121312121212121212121
212121212121212121212121212121212
121212121212121212121212121212121
212121212121312121212121212121212
121212121212333212121212121212121
212121212121333121212121212121222
121212121212121212121212121212121
212121212121212121213331212121212
121212121212121212123312121212121
212141212121212141213321212121212
144442121212144442121212121212121
212141212121214141212121212121212
121212121212121212121212121212121
212121212121212121212121212121212
121212121212121212121212121212121
212121212121212121212121212121212
121212121212121212121212121212121
212121212121212121212121212121212


121212121212121212121212121212121
212121212121212121212121212121212
122212121212121211121212133312121
212121212121212111112121333121212
121212121212121211121212131212121
212121212121212121212121212121212
121212121212121212121212121212121
212121212121213121212121212121212
121212121212123312121212121212121
212121212121213331212121212121212
121212121212121312121212121212121
212121212121212121212121212121212
121212121212121212121212121212121
212121212121312121212121212121212
121212121212333212121212121212121
212121212121333121212121212121222
121212121212121212121212121212121
212121212121212121213331212121212
121212121212121212123312121212121
212141212121212141213321212121212
144442121212144442121212121212121
212141212121214141212121212121212
121212121212121212121212121212121
212121212121212121212121212121212
121212121212121212121212121212121
212121212121212121212121212121212
121212121212121212121212121212121
212121212121212121212121212121212


121212121212121212121212121212121
212121212121212121212121212121212
122212121212121211121212133312121
212121212121212111112121333121212
121212121212121211121212131212121
212121212121212121212121212121212
121212121212121212121212121212121
212121212121213121212121212121212
121212121212123312121212121212121
212121212121213331212121212121212
121212121212121312121212121212121
212121212121212121212121212121212
121212121212121212121212121212121
212121212121312121212121212121212
121212121212333212121212121212121
212121212121333121212121212121222
121212121212121212121212121212121
212121212121212121213331212121212
121212121212121212123312121212121
212141212121212141213321212121212
144442121212144442121212121212121
212141212121214141212121212121212
121242121212121212121212121212121
212121212121212121212121212121212
121212121212121212121212121212121
212121212121212121212121212121212
121212121212121212121212121212121
212121212121212121212121212121212


121212121212121212121212121212121
212121212121212121212121212121212
122212121212121211121212133312121
212121212121212111112121333121212
121212121212121211121212131212121
212121212121212121212121212121212
121212121212121212121212121212121
212121212121213121212121212121212
121212121212123312121212121212121
212121212121213331212121212121212
121212121212121312121212121212121
212121212121212121212121212121212
121212121212121212121212121212121
212121212121332121212121212121212
121212121212333212121212121212121
212121212121333121212121212121222
121212121212121212121212121212121
212121212121212121213331212121212
121212121212121212123332121212121
212141212121212141213321212121212
144442121212144442121212121212121
212141212121214141212121212121212
121442121212121242121212121212121
212121212121212121212121212121212
121212121212121212121212121212121
212121212121212121212121212121212
121212121212121212121212121212121
212121212121212121212121212121212


121212121212121212121212121212121
212121212121212121212121212121212
122212121212121211121212133312121
212121212121212111112121333321212
121212121212121211121212131212121
212121212121212121212121212121212
121212121212121212121212121212121
212121212121213321212121212121212
121212121212123312121212121212121
212121212121213331212121212121212
121212121212121312121212121212121
212121212121212121212121212121212
121212121212121212121212121212121
212121212121333121212121212121212
121212121212333212121212121212121
212121212121333121212121212121222
121212121212121212121212121212121
212121212121212121213331212121212
121212121212121212123332121212121
212141212121212141213331212121212
144442121212144442121212121212121
212141212121214141212121212121212
121442121212121442121212121212121
212121212121212121212121212121212
121212121212121212121212121212121
212121212121212121212121212121212
121212121212121212121212121212121
212121212121212121212121212121212


121212121212121212121212121212121
212121212121212121212121212121212
122212121212121211121212133312121
212121212121212111112121333321212
121212121212121211121212131312121
212121212121212121212121212121212
121212121212121212121212121212121
212121212121213331212121212121212
121212121212123312121212121212121
212121212121213331212121212121212
121212121212121312121212121212121
212121212121212121212121212121212
121212121212121212121212121212121
212121212121333121212121212121212
121212121212333212121212121212121
212121212121333121212121212121222
121212121212121212121212121212121
212121212121212121213331212121212
121212121212121212123332121212121
212141212121212141213331212121212
144442121212144442121212121212121
212141212121214141212121212121212
121444121212121442121212121212121
212121212121212121212121212121212
121212121212121212121212121212121
212121212121212121212121212121212
121212121212121212121212121212121
212121212121212121212121212121212


