132213331214332332133423412423321
431214324242421133424214311132134
242121444132134321231111114222131
433422424132414431433143434122114
311443341131423112311241142313233
332111113144414131144114334142324
421421231121423423423341244322313
341313314311242433213222114234114
134321241214343113321131443343241
222232242122332314212241431244212
424134241323134444114142111132223
122431122321214211114221223334231
333334411431441442313324112424442
324211313342431111342242343232413
334314133221231244414133411142424
314212434441421411314144113244124
431223112143133214113423232143131
142342412314121421312121334132232
311141222133121241313331233441131
134242344111121241433441231233241
114233133244214242431444412221221
143442211221134222221111332343412
242312324322234311311333423313422
112334221334224244333124344141241
424331323234114132333223122141233
111132311311213331142344413121321
323143124134313322142442243224241
444342244121312111244313124434423


132213331214332332133423412423321
431214324242421133424214311132134
242221444132134321231111114222131
433422424132414431433143433122114
311443341131423111311241142313233
332111113144414131144114334142324
421421231121423423423341244322313
341313314311242433213222114234114
134321241214343313321131443343241
222232242122332314212241431244212
424134241323134444114142111132223
122431122321214211114221223334231
333334411431441442313324112424442
324211313342431111342242343232413
334314133221233244414133411142424
314212434441421411314144113244124
431223112143133214113423232143131
142342412314121421312121334132232
311141222133121241313331233441131
134242344111121241433341231233241
114433133244214242431444412221221
143442211221134222221111332343412
242312324322234311311333423313422
112334221334224244333124344141241
424331323234114132333223122141233
111132311311213331142344413121321
323143124134313322142442243224241
444342244121312111244313124434423


132213331214332332133423412423321
431214324242421133424214311132134
242221444132134321231111114222131
433222424132414431433143433322114
311443341131423111311241142313233
332111113144414131144114334142324
421421231121423423423341244322313
341313314311242433213222114234114
134321241214343333321131443343241
222232242122332314212241431244212
424134241323134444114142111132223
122431122321214211114221223334231
333334411431441442313324112424442
324211313342431111342242343232413
334314133221233244414133411142424
314212434441423411314144113244124
431223112143133214113423232143131
142342412314121421312121334132232
311141222133121241313331233441131
134242344111124241433341231233241
114433133244214242431344412221221
143442211221134222221111332343412
242312324322234311311333423313422
112334221334224244333124344141241
424331323234114132333223122141233
111132311311213331142344413121321
323143124134313322142442243224241
444342244121312111244313124434423


132213331214332332133423412423321
431214324242421133424214311132134
242221444132134321231111114222131
433222424132414431133143433322114
311243341131423111311241142313233
332111113144414131144114334142324
421421231121423423423341244322313
341313314311242433213222114234114
134321241214343333321131443343241
222232242122332334212241431244212
424134241323134444114142111132223
122431122321214211114221223334231
333334411431441442313324112424442
324211313342431111342242343232413
334314133221233244414133411142424
314212434441433411314144113244124
431223112143133214113423232143131
142342412314121421312121334132232
311141222133121241313331233441131
134242344111124441433341231233241
144433133244214242431344412221221
143442211221134222221311332343412
242312324322234311311333423313422
112334221334224244333124344141241
424331323234114132333223122141233
111132311311213331142344413121321
323143124134313322142442243224241
444342244121312111244313124434423


132213331214332332133423412423321
431214324242421133424214311132134
242221444132134321231111114222131
433222424132414431113143433322114
311243341131423111311241142333233
332211113144414131144114334142324
421421231121423423423341244322313
341313314311242433213222114234114
134321241214343333321131443343241
222232242122332334212241431244212
424134241323134444114142111132223
122431122321214211114221223334231
333334411431441442313324112424442
324211313342431111342242343232413
334314133221233244414133411142424
314212434441433411314144113244124
431223112143133214113423232143131
142342412314121421312121334132232
311141222133121241313331233441131
144242344111124441433341231233241
144433133244214242431344412221221
143442211221134222223311332343412
242312324322234311311333423313422
112334221334224244333124344141241
424331323234114132333223122141233
111132311311213331142344413121321
323143124134313322142442243224241
444342244121312111244313124434423


132213331214332332133423412423321
431214324242421133424214311132134
242221444132134321211111114222131
433222424132414431113143433322114
311243341131423111311241142333233
332211113144414131144114334132324
421421231121423423423341244322313
341313314311242433213222114234114
134321241214343333321131443343241
222232242122332334212241431244212
424134241323134344114142111132223
122431122321214211114221223334231
333334411431441442313324112424442
324211313342431111342242343232413
334314133221233244414133411142424
314212434441433411314144113244124
431223112143133214113423232143131
142342412314121421312121334132232
311141222133121241313331233441131
444242344111144441433341231233241
144433133244214242433344412221221
143442211221134222223311332343412
242312324322234311311333423313422
112334221334224244333124344141241
424331323234114132333223122141233
111132311311213331142344413121321
323143124134313322142442243224241
444342244121312111244313124434423


132213331214332332133423412423321
431214324242421133424214311132134
242221444132134321111111114222131
433222424132414431113143433322114
311243341131423111311241142333233
332211113144414131144114334132324
421421231121423423423341244332313
341313314311242433213222114234114
134321241214343333321131443343241
222232242122332334212241431244212
424134241323134344114142111132223
122431122321214311114221223334231
333334411431441442313324112424442
324211313342431111342242343232413
334314133221233244414133411142424
314212434441433411314144113244124
431223112143133214113423232143131
142342412314121421312121334132232
411141222133121241313331233441131
444242344111144441433341231233241
144433133244214242433344412221221
143442211221134222223311332343412
242312324322234311311333423313422
112334221334224244333124344141241
424331323234114132333223122141233
111132311311213331142344413121321
323143124134313322142442243224241
444342244121312111244313124434423


132213331214332332133423412423321
431214324242421133424214311132134
242221444132134321111111114222131
433222424132414431113143433322114
311243341131423111311241142333233
332211113144414131144114334132324
421421231121423423423341244332313
341313314311242433213222114234114
134321241214343333321131443343241
222232242122332334212241431244212
424134241323134344114142111132223
122431122321214311114221223334231
333334411431441442313324112424442
324211313342431111342242343232413
334314133221233244414133411142424
314212434441433411314144113244124
431223112143133214113423232143131
142342412314121421312121334132232
411141222133121241313331233441134
444242344111144441433341231233241
144433133244214242433344412221221
143442211221134222223311332343412
242312324322234311311333423313422
112334221334224244333124344141241
424331323234114132333223122141233
111132311311213331142344413121321
323143124134313322142442243224241
444342244121312111244313124434423


132213331214332332133423412423321
431214324242421133424214311132134
242221444132134321111111114222131
433222424132414431113143433322114
311243341131423111311241142333233
332211113144414131144114334332324
421421231121423423423341244332313
341313314311242433213222114234114
134321241214343333321131443343241
222232242122332334212241431244212
424134241323133344114142111132223
122431122321214311114221223334231
333334411431441442313324112424442
324211313342431111342242343232413
334314133221233244414133411142424
314212434441433411314144113244124
431223112143133214113423232143131
142342412314121421312121334132234
411141222133121241313331233441134
444242344111144441433341231233241
144433133244214242433344412221221
143442211221134222223311332343412
242312324322234311311333423313422
112334221334224244333124344141241
424331323234114132333223122141233
111132311311213331142344413121321
323143124134313322142442243224241
444342244121312111244313124434423


132213331214332332133423412423321
431214324242421133424214311132134
242221444132134321111111114222131
433222424132414431113143433322114
311243341131423111311241142333233
332211113144414131144114334332324
421421231121423423423341244332313
341313314311242433213222114234114
134321241214343333321131443343241
222232242122332334212241431244212
424134241323133344114142111132223
122431122321214311114221223334231
333334411431441442313324112424442
324211313342431111342242343232413
334314133221233244414133411142424
314212434441433411314144113244124
431223112143133214113423232143131
142342412314121421312121334132234
411141222133121241313331233441134
444242344111144444433341231233241
144433133244214242433344412221221
143442211221134222223311332343412
242312324322234311311333423313422
112334221334224244333124344141241
424331323234114132333223122141233
111132311311213331142344413121321
323143124134313322142442243224241
444342244121312111244313124434423


132213331214332332133423412423321
431214324242421133424214311132134
242221444132134321111111114222131
433222424132414431113143433322114
311243341131423111311241143333233
332211113144414131144114334332324
421421231121423423423341244332313
341313314311242433213222114234114
134321241214343333321131443343241
222232242122332334212241431244212
424134241323133344114142111132223
122431122321234311114221223334231
333334411431441442313324112424442
324211313342431111342242343232413
334314133221233244414133411142424
314212434441433411314144113244124
431223112143133214113423232143131
142342412314121421312121334132234
411141222133121241313331233441134
444242344111144444433341231233244
144433133244214244433344412221221
143442211221134222223311332343412
242312324322234311311333423313422
112334221334224244333124344141241
424331323234114132333223122141233
111132311311213331142344413121321
323143124134313322142442243224241
444342244121312111244313124434423


132213331214332332133423412423321
431214324242421133424214311132134
242221444132134321111111114222131
433222424132414431113143433322114
311243341131423111311241143333233
332211113144414131144114334332324
421421231121423423423341244332313
341313314311242433213222114234114
134321241214343333321131443343241
222232242122332334212241431244212
424134241323133344114142111132223
122431122321334311114221223334231
333334411431441442313324112424442
324211313342431111342242343232413
334314133221233244414133411142424
314212434441433411314144113244124
431223112143133214113423232143131
142342412314121421312121334132234
411141222133121241313331233441134
444242344111144444433341231233244
144433133244214244433344412221221
143442211221134222223311332343412
242312324322234311311333423313422
112334221334224244333124344141241
424331323234114132333223122141233
111132311311213331142344413121321
323143124134313322142442243224241
444342244121312111244313124434423


132213331214332332133423412423321
431214324242421133424214311132134
242221444132134321111111114222131
433222424132414431113143433322114
311243341131423111311241143333233
332211113144414131144114334332324
421421231121423423423341244332313
341313314311242433213222114234114
134321241214343333321131443343241
222232242122332334212241431244212
424134241323133344114142111132223
122431122321334311114221223334231
333334411431441442313324112424442
324211313342431111342242343232413
334314133221233244414133411142424
314212434441433411314144113244124
431223112143133214113423232143131
142342412314121421312121334132234
411141222133121244313331233441134
444242344111144444433341231233444
144433133244214244433344412221221
143442211221134222223311332343412
242312324322234311311333423313422
112334221334224244333124344141241
424331323234114132333223122141233
111132311311213331142344413121321
323143124134313322142442243224241
444342244121312111244313124434423


132213331214332332133423412423321
431214324242421133424214311132134
242221444132134321111111114222131
433222424132414431113143433322114
311243341131423111311241143333233
332211113144414131144114334332324
421421231121423423423341244332313
341313314311242433213222114234114
134321241214343333321131443343241
222232242122332334212241431244212
424134241323133344114142111132223
122431122321334311114221223334231
333334411431441442313324112424442
324211313342431111342242343232413
334314133221233244414133411142424
314212434441433411314144113244124
431223112143133214113423232143131
142342412314121421312121334132234
411141222133121244413331233441134
444242344111144444433341231233444
144433133244214244433344412221221
143442211221134222223311332343412
242312324322234311311333423313422
112334221334224244333124344141241
424331323234114132333223122141233
111132311311213331142344413121321
323143124134313322142442243224241
444342244121312111244313124434423


132213331214332332133423412423321
431214324242421133424214311132134
242221444132134321111111114222131
433222424132414431113143433322114
311243341131423111311241143333233
332211113144414131144114334332324
421421231121423423423341244332313
341313314311242433213222114234114
134321241214343333321131443343241
222232242122332334212241431244212
424134241323333344114142111132223
122431122321334311114221223334231
333334411431441442313324112424442
324211313342431111342242343232413
334314133221233244414133411142424
314212434441433411314144113244124
431223112143133214113423232143131
142342412314121421412121334132234
411141222133121244413331233441134
444242344111144444433341231233444
144433133244214244433344412221221
143442211221134222223311332343412
242312324322234311311333423313422
112334221334224244333124344141241
424331323234114132333223122141233
111132311311213331142344413121321
323143124134313322142442243224241
444342244121312111244313124434423


132213331214332332133423412423321
431214324242421133424214311132134
242221444132134321111111114222131
433222424132414431113143433322114
311243341131423111311241143333233
332211113144414131144114334332324
421421231121423423423341244332313
341313314311242433213222114234114
134321241214343333321131443343241
222232242122332334212241431244212
424134241323333344114142111132223
122431122321334311114221223334231
333334411431441442313324112424442
324211313342431111342242343232413
334314133221233244414133411142424
314212434441433411314144113244124
431223112143133214113423232143131
142342412314121424412121334132234
411141222133121244413331233441134
444242344111144444433341231233444
144433133244214244433344412221221
143442211221134222223311332343412
242312324322234311311333423313422
112334221334224244333124344141241
424331323234114132333223122141233
111132311311213331142344413121321
323143124134313322142442243224241
444342244121312111244313124434423


